p0015_MR_single_noEval : 216.29241275787354
p0015_MR_single_noEval : 213.77531242370605
